0.1498440692260841
0.14985267921736356
0.14987331068579596
0.14992325856262087
0.14994181628945324
0.14991048915658026
0.14984370810291497
0.14987984092792275
0.14988386542977972
0.14990625006607192
0.14990979948133948
0.1499430855555442
0.14991495610096464
0.14994596662419443
0.14990482609916647
0.1499182550340972
0.14992572249266695
0.14996265400926898
0.14985087287041204
0.14990389693178874
0.14992551615460922
0.1499334394756796
0.14991040173845913
0.14993214604916888
0.14988304747816794
0.14988815804973704
0.14986925178444147
0.14987408940002378
0.14984125986072203
0.1499029700198345
0.149868876069838
0.14989279616840417
0.14985062159044393
0.14988551853533877
0.1498730437811227
0.14991309877858658
